{
 "cells": [
  {
   "cell_type": "markdown",
   "id": "4bd23bac",
   "metadata": {},
   "source": [
    "## Correlation Analysis among different stocks."
   ]
  },
  {
   "cell_type": "markdown",
   "id": "efb42c79",
   "metadata": {},
   "source": [
    "import pandas as pd\n",
    "import numpy as np\n",
    "from scipy import stats\n",
    "import pandas_datareader.data as pdr\n",
    "import matplotlib.pyplot as plt\n",
    "%matplotlib inline\n",
    "import datetime as dt\n",
    "import yfinance as yf\n",
    "yf.pdr_override()"
   ]
  },
  {
   "cell_type": "markdown",
   "id": "93ab670e",
   "metadata": {},
   "source": [
    "### Step 1: Fetch data for various canadian stocks."
   ]
  },
  {
   "cell_type": "code",
   "execution_count": 32,
   "id": "b1d569b4",
   "metadata": {},
   "outputs": [
    {
     "name": "stdout",
     "output_type": "stream",
     "text": [
      "[*********************100%***********************]  7 of 7 completed\n"
     ]
    }
   ],
   "source": [
    "tickers = ['BNS.TO', 'NFLX','AMZN','AAPL','ENB','CTC.TO','WMT']\n",
    "start = dt.datetime(2021,1,1)\n",
    "\n",
    "data = pdr.get_data_yahoo(tickers,start)"
   ]
  },
  {
   "cell_type": "code",
   "execution_count": 33,
   "id": "e65d2410",
   "metadata": {},
   "outputs": [
    {
     "data": {
      "text/html": [
       "<div>\n",
       "<style scoped>\n",
       "    .dataframe tbody tr th:only-of-type {\n",
       "        vertical-align: middle;\n",
       "    }\n",
       "\n",
       "    .dataframe tbody tr th {\n",
       "        vertical-align: top;\n",
       "    }\n",
       "\n",
       "    .dataframe thead th {\n",
       "        text-align: right;\n",
       "    }\n",
       "</style>\n",
       "<table border=\"1\" class=\"dataframe\">\n",
       "  <thead>\n",
       "    <tr style=\"text-align: right;\">\n",
       "      <th></th>\n",
       "      <th>AAPL</th>\n",
       "      <th>AMZN</th>\n",
       "      <th>BNS.TO</th>\n",
       "      <th>CTC.TO</th>\n",
       "      <th>ENB</th>\n",
       "      <th>NFLX</th>\n",
       "      <th>WMT</th>\n",
       "    </tr>\n",
       "    <tr>\n",
       "      <th>Date</th>\n",
       "      <th></th>\n",
       "      <th></th>\n",
       "      <th></th>\n",
       "      <th></th>\n",
       "      <th></th>\n",
       "      <th></th>\n",
       "      <th></th>\n",
       "    </tr>\n",
       "  </thead>\n",
       "  <tbody>\n",
       "    <tr>\n",
       "      <th>2021-01-04 05:00:00+00:00</th>\n",
       "      <td>127.874939</td>\n",
       "      <td>159.331497</td>\n",
       "      <td>61.183060</td>\n",
       "      <td>199.567276</td>\n",
       "      <td>28.056238</td>\n",
       "      <td>522.859985</td>\n",
       "      <td>142.004074</td>\n",
       "    </tr>\n",
       "    <tr>\n",
       "      <th>2021-01-05 05:00:00+00:00</th>\n",
       "      <td>129.455963</td>\n",
       "      <td>160.925507</td>\n",
       "      <td>61.372791</td>\n",
       "      <td>199.086380</td>\n",
       "      <td>29.258522</td>\n",
       "      <td>520.799988</td>\n",
       "      <td>141.248199</td>\n",
       "    </tr>\n",
       "    <tr>\n",
       "      <th>2021-01-06 05:00:00+00:00</th>\n",
       "      <td>125.098274</td>\n",
       "      <td>156.919006</td>\n",
       "      <td>61.887772</td>\n",
       "      <td>198.605515</td>\n",
       "      <td>28.942591</td>\n",
       "      <td>500.489990</td>\n",
       "      <td>142.130051</td>\n",
       "    </tr>\n",
       "    <tr>\n",
       "      <th>2021-01-07 05:00:00+00:00</th>\n",
       "      <td>129.367035</td>\n",
       "      <td>158.108002</td>\n",
       "      <td>62.330460</td>\n",
       "      <td>200.529053</td>\n",
       "      <td>29.574453</td>\n",
       "      <td>508.890015</td>\n",
       "      <td>142.120361</td>\n",
       "    </tr>\n",
       "    <tr>\n",
       "      <th>2021-01-08 05:00:00+00:00</th>\n",
       "      <td>130.483627</td>\n",
       "      <td>159.134995</td>\n",
       "      <td>61.490238</td>\n",
       "      <td>200.529053</td>\n",
       "      <td>29.267298</td>\n",
       "      <td>510.399994</td>\n",
       "      <td>142.100998</td>\n",
       "    </tr>\n",
       "  </tbody>\n",
       "</table>\n",
       "</div>"
      ],
      "text/plain": [
       "                                 AAPL        AMZN     BNS.TO      CTC.TO  \\\n",
       "Date                                                                       \n",
       "2021-01-04 05:00:00+00:00  127.874939  159.331497  61.183060  199.567276   \n",
       "2021-01-05 05:00:00+00:00  129.455963  160.925507  61.372791  199.086380   \n",
       "2021-01-06 05:00:00+00:00  125.098274  156.919006  61.887772  198.605515   \n",
       "2021-01-07 05:00:00+00:00  129.367035  158.108002  62.330460  200.529053   \n",
       "2021-01-08 05:00:00+00:00  130.483627  159.134995  61.490238  200.529053   \n",
       "\n",
       "                                 ENB        NFLX         WMT  \n",
       "Date                                                          \n",
       "2021-01-04 05:00:00+00:00  28.056238  522.859985  142.004074  \n",
       "2021-01-05 05:00:00+00:00  29.258522  520.799988  141.248199  \n",
       "2021-01-06 05:00:00+00:00  28.942591  500.489990  142.130051  \n",
       "2021-01-07 05:00:00+00:00  29.574453  508.890015  142.120361  \n",
       "2021-01-08 05:00:00+00:00  29.267298  510.399994  142.100998  "
      ]
     },
     "execution_count": 33,
     "metadata": {},
     "output_type": "execute_result"
    }
   ],
   "source": [
    "data = data['Adj Close']\n",
    "data.head()"
   ]
  },
  {
   "cell_type": "markdown",
   "id": "d8cab0c1",
   "metadata": {},
   "source": [
    "### Step 2: Find log returns for adjusted close price of Stock."
   ]
  },
  {
   "cell_type": "code",
   "execution_count": 34,
   "id": "34290f14",
   "metadata": {},
   "outputs": [],
   "source": [
    "log_returns = np.log(data/data.shift())"
   ]
  },
  {
   "cell_type": "code",
   "execution_count": 42,
   "id": "42719121",
   "metadata": {},
   "outputs": [
    {
     "data": {
      "text/html": [
       "<div>\n",
       "<style scoped>\n",
       "    .dataframe tbody tr th:only-of-type {\n",
       "        vertical-align: middle;\n",
       "    }\n",
       "\n",
       "    .dataframe tbody tr th {\n",
       "        vertical-align: top;\n",
       "    }\n",
       "\n",
       "    .dataframe thead th {\n",
       "        text-align: right;\n",
       "    }\n",
       "</style>\n",
       "<table border=\"1\" class=\"dataframe\">\n",
       "  <thead>\n",
       "    <tr style=\"text-align: right;\">\n",
       "      <th></th>\n",
       "      <th>AAPL</th>\n",
       "      <th>AMZN</th>\n",
       "      <th>BNS.TO</th>\n",
       "      <th>CTC.TO</th>\n",
       "      <th>ENB</th>\n",
       "      <th>NFLX</th>\n",
       "      <th>WMT</th>\n",
       "      <th>SP500</th>\n",
       "    </tr>\n",
       "    <tr>\n",
       "      <th>Date</th>\n",
       "      <th></th>\n",
       "      <th></th>\n",
       "      <th></th>\n",
       "      <th></th>\n",
       "      <th></th>\n",
       "      <th></th>\n",
       "      <th></th>\n",
       "      <th></th>\n",
       "    </tr>\n",
       "  </thead>\n",
       "  <tbody>\n",
       "    <tr>\n",
       "      <th>2021-01-04 05:00:00+00:00</th>\n",
       "      <td>NaN</td>\n",
       "      <td>NaN</td>\n",
       "      <td>NaN</td>\n",
       "      <td>NaN</td>\n",
       "      <td>NaN</td>\n",
       "      <td>NaN</td>\n",
       "      <td>NaN</td>\n",
       "      <td>NaN</td>\n",
       "    </tr>\n",
       "    <tr>\n",
       "      <th>2021-01-05 05:00:00+00:00</th>\n",
       "      <td>0.012288</td>\n",
       "      <td>0.009955</td>\n",
       "      <td>0.003096</td>\n",
       "      <td>-0.002413</td>\n",
       "      <td>0.041960</td>\n",
       "      <td>-0.003948</td>\n",
       "      <td>-0.005337</td>\n",
       "      <td>0.007058</td>\n",
       "    </tr>\n",
       "    <tr>\n",
       "      <th>2021-01-06 05:00:00+00:00</th>\n",
       "      <td>-0.034241</td>\n",
       "      <td>-0.025212</td>\n",
       "      <td>0.008356</td>\n",
       "      <td>-0.002418</td>\n",
       "      <td>-0.010857</td>\n",
       "      <td>-0.039778</td>\n",
       "      <td>0.006224</td>\n",
       "      <td>0.005694</td>\n",
       "    </tr>\n",
       "    <tr>\n",
       "      <th>2021-01-07 05:00:00+00:00</th>\n",
       "      <td>0.033554</td>\n",
       "      <td>0.007549</td>\n",
       "      <td>0.007128</td>\n",
       "      <td>0.009639</td>\n",
       "      <td>0.021597</td>\n",
       "      <td>0.016644</td>\n",
       "      <td>-0.000068</td>\n",
       "      <td>0.014738</td>\n",
       "    </tr>\n",
       "    <tr>\n",
       "      <th>2021-01-08 05:00:00+00:00</th>\n",
       "      <td>0.008594</td>\n",
       "      <td>0.006475</td>\n",
       "      <td>-0.013572</td>\n",
       "      <td>0.000000</td>\n",
       "      <td>-0.010440</td>\n",
       "      <td>0.002963</td>\n",
       "      <td>-0.000136</td>\n",
       "      <td>0.005477</td>\n",
       "    </tr>\n",
       "  </tbody>\n",
       "</table>\n",
       "</div>"
      ],
      "text/plain": [
       "                               AAPL      AMZN    BNS.TO    CTC.TO       ENB  \\\n",
       "Date                                                                          \n",
       "2021-01-04 05:00:00+00:00       NaN       NaN       NaN       NaN       NaN   \n",
       "2021-01-05 05:00:00+00:00  0.012288  0.009955  0.003096 -0.002413  0.041960   \n",
       "2021-01-06 05:00:00+00:00 -0.034241 -0.025212  0.008356 -0.002418 -0.010857   \n",
       "2021-01-07 05:00:00+00:00  0.033554  0.007549  0.007128  0.009639  0.021597   \n",
       "2021-01-08 05:00:00+00:00  0.008594  0.006475 -0.013572  0.000000 -0.010440   \n",
       "\n",
       "                               NFLX       WMT     SP500  \n",
       "Date                                                     \n",
       "2021-01-04 05:00:00+00:00       NaN       NaN       NaN  \n",
       "2021-01-05 05:00:00+00:00 -0.003948 -0.005337  0.007058  \n",
       "2021-01-06 05:00:00+00:00 -0.039778  0.006224  0.005694  \n",
       "2021-01-07 05:00:00+00:00  0.016644 -0.000068  0.014738  \n",
       "2021-01-08 05:00:00+00:00  0.002963 -0.000136  0.005477  "
      ]
     },
     "execution_count": 42,
     "metadata": {},
     "output_type": "execute_result"
    }
   ],
   "source": [
    "log_returns.head()"
   ]
  },
  {
   "cell_type": "markdown",
   "id": "b6485163",
   "metadata": {},
   "source": [
    "### Step 3: Find correlation among stocks."
   ]
  },
  {
   "cell_type": "code",
   "execution_count": 35,
   "id": "98b07908",
   "metadata": {},
   "outputs": [
    {
     "data": {
      "text/html": [
       "<div>\n",
       "<style scoped>\n",
       "    .dataframe tbody tr th:only-of-type {\n",
       "        vertical-align: middle;\n",
       "    }\n",
       "\n",
       "    .dataframe tbody tr th {\n",
       "        vertical-align: top;\n",
       "    }\n",
       "\n",
       "    .dataframe thead th {\n",
       "        text-align: right;\n",
       "    }\n",
       "</style>\n",
       "<table border=\"1\" class=\"dataframe\">\n",
       "  <thead>\n",
       "    <tr style=\"text-align: right;\">\n",
       "      <th></th>\n",
       "      <th>AAPL</th>\n",
       "      <th>AMZN</th>\n",
       "      <th>BNS.TO</th>\n",
       "      <th>CTC.TO</th>\n",
       "      <th>ENB</th>\n",
       "      <th>NFLX</th>\n",
       "      <th>WMT</th>\n",
       "    </tr>\n",
       "  </thead>\n",
       "  <tbody>\n",
       "    <tr>\n",
       "      <th>AAPL</th>\n",
       "      <td>1.000000</td>\n",
       "      <td>0.660915</td>\n",
       "      <td>0.358686</td>\n",
       "      <td>-0.011146</td>\n",
       "      <td>0.392838</td>\n",
       "      <td>0.448925</td>\n",
       "      <td>0.309751</td>\n",
       "    </tr>\n",
       "    <tr>\n",
       "      <th>AMZN</th>\n",
       "      <td>0.660915</td>\n",
       "      <td>1.000000</td>\n",
       "      <td>0.328856</td>\n",
       "      <td>-0.000856</td>\n",
       "      <td>0.385161</td>\n",
       "      <td>0.533429</td>\n",
       "      <td>0.263124</td>\n",
       "    </tr>\n",
       "    <tr>\n",
       "      <th>BNS.TO</th>\n",
       "      <td>0.358686</td>\n",
       "      <td>0.328856</td>\n",
       "      <td>1.000000</td>\n",
       "      <td>-0.008423</td>\n",
       "      <td>0.492511</td>\n",
       "      <td>0.213340</td>\n",
       "      <td>0.171116</td>\n",
       "    </tr>\n",
       "    <tr>\n",
       "      <th>CTC.TO</th>\n",
       "      <td>-0.011146</td>\n",
       "      <td>-0.000856</td>\n",
       "      <td>-0.008423</td>\n",
       "      <td>1.000000</td>\n",
       "      <td>-0.025585</td>\n",
       "      <td>-0.000502</td>\n",
       "      <td>-0.077628</td>\n",
       "    </tr>\n",
       "    <tr>\n",
       "      <th>ENB</th>\n",
       "      <td>0.392838</td>\n",
       "      <td>0.385161</td>\n",
       "      <td>0.492511</td>\n",
       "      <td>-0.025585</td>\n",
       "      <td>1.000000</td>\n",
       "      <td>0.246634</td>\n",
       "      <td>0.262756</td>\n",
       "    </tr>\n",
       "    <tr>\n",
       "      <th>NFLX</th>\n",
       "      <td>0.448925</td>\n",
       "      <td>0.533429</td>\n",
       "      <td>0.213340</td>\n",
       "      <td>-0.000502</td>\n",
       "      <td>0.246634</td>\n",
       "      <td>1.000000</td>\n",
       "      <td>0.160191</td>\n",
       "    </tr>\n",
       "    <tr>\n",
       "      <th>WMT</th>\n",
       "      <td>0.309751</td>\n",
       "      <td>0.263124</td>\n",
       "      <td>0.171116</td>\n",
       "      <td>-0.077628</td>\n",
       "      <td>0.262756</td>\n",
       "      <td>0.160191</td>\n",
       "      <td>1.000000</td>\n",
       "    </tr>\n",
       "  </tbody>\n",
       "</table>\n",
       "</div>"
      ],
      "text/plain": [
       "            AAPL      AMZN    BNS.TO    CTC.TO       ENB      NFLX       WMT\n",
       "AAPL    1.000000  0.660915  0.358686 -0.011146  0.392838  0.448925  0.309751\n",
       "AMZN    0.660915  1.000000  0.328856 -0.000856  0.385161  0.533429  0.263124\n",
       "BNS.TO  0.358686  0.328856  1.000000 -0.008423  0.492511  0.213340  0.171116\n",
       "CTC.TO -0.011146 -0.000856 -0.008423  1.000000 -0.025585 -0.000502 -0.077628\n",
       "ENB     0.392838  0.385161  0.492511 -0.025585  1.000000  0.246634  0.262756\n",
       "NFLX    0.448925  0.533429  0.213340 -0.000502  0.246634  1.000000  0.160191\n",
       "WMT     0.309751  0.263124  0.171116 -0.077628  0.262756  0.160191  1.000000"
      ]
     },
     "execution_count": 35,
     "metadata": {},
     "output_type": "execute_result"
    }
   ],
   "source": [
    "log_returns.corr()"
   ]
  },
  {
   "cell_type": "markdown",
   "id": "7ac5679e",
   "metadata": {},
   "source": [
    "### Step 4: Add S&P500 to compare with stocks."
   ]
  },
  {
   "cell_type": "code",
   "execution_count": 36,
   "id": "63b90a70",
   "metadata": {},
   "outputs": [
    {
     "name": "stdout",
     "output_type": "stream",
     "text": [
      "[*********************100%***********************]  1 of 1 completed\n"
     ]
    }
   ],
   "source": [
    "SP500 = pdr.get_data_yahoo('^GSPC',start)"
   ]
  },
  {
   "cell_type": "code",
   "execution_count": 37,
   "id": "e4b4a674",
   "metadata": {},
   "outputs": [],
   "source": [
    "log_returns['SP500'] = np.log(SP500['Adj Close']/SP500['Adj Close'].shift())"
   ]
  },
  {
   "cell_type": "code",
   "execution_count": 38,
   "id": "68b09dd1",
   "metadata": {},
   "outputs": [
    {
     "data": {
      "text/html": [
       "<div>\n",
       "<style scoped>\n",
       "    .dataframe tbody tr th:only-of-type {\n",
       "        vertical-align: middle;\n",
       "    }\n",
       "\n",
       "    .dataframe tbody tr th {\n",
       "        vertical-align: top;\n",
       "    }\n",
       "\n",
       "    .dataframe thead th {\n",
       "        text-align: right;\n",
       "    }\n",
       "</style>\n",
       "<table border=\"1\" class=\"dataframe\">\n",
       "  <thead>\n",
       "    <tr style=\"text-align: right;\">\n",
       "      <th></th>\n",
       "      <th>AAPL</th>\n",
       "      <th>AMZN</th>\n",
       "      <th>BNS.TO</th>\n",
       "      <th>CTC.TO</th>\n",
       "      <th>ENB</th>\n",
       "      <th>NFLX</th>\n",
       "      <th>WMT</th>\n",
       "      <th>SP500</th>\n",
       "    </tr>\n",
       "  </thead>\n",
       "  <tbody>\n",
       "    <tr>\n",
       "      <th>AAPL</th>\n",
       "      <td>1.000000</td>\n",
       "      <td>0.660915</td>\n",
       "      <td>0.358686</td>\n",
       "      <td>-0.011146</td>\n",
       "      <td>0.392838</td>\n",
       "      <td>0.448925</td>\n",
       "      <td>0.309751</td>\n",
       "      <td>0.823296</td>\n",
       "    </tr>\n",
       "    <tr>\n",
       "      <th>AMZN</th>\n",
       "      <td>0.660915</td>\n",
       "      <td>1.000000</td>\n",
       "      <td>0.328856</td>\n",
       "      <td>-0.000856</td>\n",
       "      <td>0.385161</td>\n",
       "      <td>0.533429</td>\n",
       "      <td>0.263124</td>\n",
       "      <td>0.756514</td>\n",
       "    </tr>\n",
       "    <tr>\n",
       "      <th>BNS.TO</th>\n",
       "      <td>0.358686</td>\n",
       "      <td>0.328856</td>\n",
       "      <td>1.000000</td>\n",
       "      <td>-0.008423</td>\n",
       "      <td>0.492511</td>\n",
       "      <td>0.213340</td>\n",
       "      <td>0.171116</td>\n",
       "      <td>0.568220</td>\n",
       "    </tr>\n",
       "    <tr>\n",
       "      <th>CTC.TO</th>\n",
       "      <td>-0.011146</td>\n",
       "      <td>-0.000856</td>\n",
       "      <td>-0.008423</td>\n",
       "      <td>1.000000</td>\n",
       "      <td>-0.025585</td>\n",
       "      <td>-0.000502</td>\n",
       "      <td>-0.077628</td>\n",
       "      <td>-0.005323</td>\n",
       "    </tr>\n",
       "    <tr>\n",
       "      <th>ENB</th>\n",
       "      <td>0.392838</td>\n",
       "      <td>0.385161</td>\n",
       "      <td>0.492511</td>\n",
       "      <td>-0.025585</td>\n",
       "      <td>1.000000</td>\n",
       "      <td>0.246634</td>\n",
       "      <td>0.262756</td>\n",
       "      <td>0.580276</td>\n",
       "    </tr>\n",
       "    <tr>\n",
       "      <th>NFLX</th>\n",
       "      <td>0.448925</td>\n",
       "      <td>0.533429</td>\n",
       "      <td>0.213340</td>\n",
       "      <td>-0.000502</td>\n",
       "      <td>0.246634</td>\n",
       "      <td>1.000000</td>\n",
       "      <td>0.160191</td>\n",
       "      <td>0.524789</td>\n",
       "    </tr>\n",
       "    <tr>\n",
       "      <th>WMT</th>\n",
       "      <td>0.309751</td>\n",
       "      <td>0.263124</td>\n",
       "      <td>0.171116</td>\n",
       "      <td>-0.077628</td>\n",
       "      <td>0.262756</td>\n",
       "      <td>0.160191</td>\n",
       "      <td>1.000000</td>\n",
       "      <td>0.391175</td>\n",
       "    </tr>\n",
       "    <tr>\n",
       "      <th>SP500</th>\n",
       "      <td>0.823296</td>\n",
       "      <td>0.756514</td>\n",
       "      <td>0.568220</td>\n",
       "      <td>-0.005323</td>\n",
       "      <td>0.580276</td>\n",
       "      <td>0.524789</td>\n",
       "      <td>0.391175</td>\n",
       "      <td>1.000000</td>\n",
       "    </tr>\n",
       "  </tbody>\n",
       "</table>\n",
       "</div>"
      ],
      "text/plain": [
       "            AAPL      AMZN    BNS.TO    CTC.TO       ENB      NFLX       WMT  \\\n",
       "AAPL    1.000000  0.660915  0.358686 -0.011146  0.392838  0.448925  0.309751   \n",
       "AMZN    0.660915  1.000000  0.328856 -0.000856  0.385161  0.533429  0.263124   \n",
       "BNS.TO  0.358686  0.328856  1.000000 -0.008423  0.492511  0.213340  0.171116   \n",
       "CTC.TO -0.011146 -0.000856 -0.008423  1.000000 -0.025585 -0.000502 -0.077628   \n",
       "ENB     0.392838  0.385161  0.492511 -0.025585  1.000000  0.246634  0.262756   \n",
       "NFLX    0.448925  0.533429  0.213340 -0.000502  0.246634  1.000000  0.160191   \n",
       "WMT     0.309751  0.263124  0.171116 -0.077628  0.262756  0.160191  1.000000   \n",
       "SP500   0.823296  0.756514  0.568220 -0.005323  0.580276  0.524789  0.391175   \n",
       "\n",
       "           SP500  \n",
       "AAPL    0.823296  \n",
       "AMZN    0.756514  \n",
       "BNS.TO  0.568220  \n",
       "CTC.TO -0.005323  \n",
       "ENB     0.580276  \n",
       "NFLX    0.524789  \n",
       "WMT     0.391175  \n",
       "SP500   1.000000  "
      ]
     },
     "execution_count": 38,
     "metadata": {},
     "output_type": "execute_result"
    }
   ],
   "source": [
    "log_returns.corr()"
   ]
  },
  {
   "cell_type": "markdown",
   "id": "4e7af596",
   "metadata": {},
   "source": [
    "### Step 5: Define a function that autometically gets added to correlation matrix."
   ]
  },
  {
   "cell_type": "code",
   "execution_count": 39,
   "id": "1db129f0",
   "metadata": {},
   "outputs": [],
   "source": [
    "\n",
    "def test_correlation(ticker):\n",
    "    df = pdr.get_data_yahoo(ticker,start)\n",
    "    lr = log_returns.copy()\n",
    "    lr[ticker] = np.log(df['Adj Close']/df['Adj Close'].shift())\n",
    "    return lr.corr()"
   ]
  },
  {
   "cell_type": "code",
   "execution_count": 40,
   "id": "d15a9393",
   "metadata": {},
   "outputs": [
    {
     "name": "stdout",
     "output_type": "stream",
     "text": [
      "[*********************100%***********************]  1 of 1 completed\n"
     ]
    },
    {
     "data": {
      "text/html": [
       "<div>\n",
       "<style scoped>\n",
       "    .dataframe tbody tr th:only-of-type {\n",
       "        vertical-align: middle;\n",
       "    }\n",
       "\n",
       "    .dataframe tbody tr th {\n",
       "        vertical-align: top;\n",
       "    }\n",
       "\n",
       "    .dataframe thead th {\n",
       "        text-align: right;\n",
       "    }\n",
       "</style>\n",
       "<table border=\"1\" class=\"dataframe\">\n",
       "  <thead>\n",
       "    <tr style=\"text-align: right;\">\n",
       "      <th></th>\n",
       "      <th>AAPL</th>\n",
       "      <th>AMZN</th>\n",
       "      <th>BNS.TO</th>\n",
       "      <th>CTC.TO</th>\n",
       "      <th>ENB</th>\n",
       "      <th>NFLX</th>\n",
       "      <th>WMT</th>\n",
       "      <th>SP500</th>\n",
       "      <th>RY-PO.TO</th>\n",
       "    </tr>\n",
       "  </thead>\n",
       "  <tbody>\n",
       "    <tr>\n",
       "      <th>AAPL</th>\n",
       "      <td>1.000000</td>\n",
       "      <td>0.660915</td>\n",
       "      <td>0.358686</td>\n",
       "      <td>-0.011146</td>\n",
       "      <td>0.392838</td>\n",
       "      <td>0.448925</td>\n",
       "      <td>0.309751</td>\n",
       "      <td>0.823296</td>\n",
       "      <td>0.064056</td>\n",
       "    </tr>\n",
       "    <tr>\n",
       "      <th>AMZN</th>\n",
       "      <td>0.660915</td>\n",
       "      <td>1.000000</td>\n",
       "      <td>0.328856</td>\n",
       "      <td>-0.000856</td>\n",
       "      <td>0.385161</td>\n",
       "      <td>0.533429</td>\n",
       "      <td>0.263124</td>\n",
       "      <td>0.756514</td>\n",
       "      <td>0.015953</td>\n",
       "    </tr>\n",
       "    <tr>\n",
       "      <th>BNS.TO</th>\n",
       "      <td>0.358686</td>\n",
       "      <td>0.328856</td>\n",
       "      <td>1.000000</td>\n",
       "      <td>-0.008423</td>\n",
       "      <td>0.492511</td>\n",
       "      <td>0.213340</td>\n",
       "      <td>0.171116</td>\n",
       "      <td>0.568220</td>\n",
       "      <td>0.089494</td>\n",
       "    </tr>\n",
       "    <tr>\n",
       "      <th>CTC.TO</th>\n",
       "      <td>-0.011146</td>\n",
       "      <td>-0.000856</td>\n",
       "      <td>-0.008423</td>\n",
       "      <td>1.000000</td>\n",
       "      <td>-0.025585</td>\n",
       "      <td>-0.000502</td>\n",
       "      <td>-0.077628</td>\n",
       "      <td>-0.005323</td>\n",
       "      <td>-0.023901</td>\n",
       "    </tr>\n",
       "    <tr>\n",
       "      <th>ENB</th>\n",
       "      <td>0.392838</td>\n",
       "      <td>0.385161</td>\n",
       "      <td>0.492511</td>\n",
       "      <td>-0.025585</td>\n",
       "      <td>1.000000</td>\n",
       "      <td>0.246634</td>\n",
       "      <td>0.262756</td>\n",
       "      <td>0.580276</td>\n",
       "      <td>0.123405</td>\n",
       "    </tr>\n",
       "    <tr>\n",
       "      <th>NFLX</th>\n",
       "      <td>0.448925</td>\n",
       "      <td>0.533429</td>\n",
       "      <td>0.213340</td>\n",
       "      <td>-0.000502</td>\n",
       "      <td>0.246634</td>\n",
       "      <td>1.000000</td>\n",
       "      <td>0.160191</td>\n",
       "      <td>0.524789</td>\n",
       "      <td>0.034237</td>\n",
       "    </tr>\n",
       "    <tr>\n",
       "      <th>WMT</th>\n",
       "      <td>0.309751</td>\n",
       "      <td>0.263124</td>\n",
       "      <td>0.171116</td>\n",
       "      <td>-0.077628</td>\n",
       "      <td>0.262756</td>\n",
       "      <td>0.160191</td>\n",
       "      <td>1.000000</td>\n",
       "      <td>0.391175</td>\n",
       "      <td>-0.006286</td>\n",
       "    </tr>\n",
       "    <tr>\n",
       "      <th>SP500</th>\n",
       "      <td>0.823296</td>\n",
       "      <td>0.756514</td>\n",
       "      <td>0.568220</td>\n",
       "      <td>-0.005323</td>\n",
       "      <td>0.580276</td>\n",
       "      <td>0.524789</td>\n",
       "      <td>0.391175</td>\n",
       "      <td>1.000000</td>\n",
       "      <td>0.079076</td>\n",
       "    </tr>\n",
       "    <tr>\n",
       "      <th>RY-PO.TO</th>\n",
       "      <td>0.064056</td>\n",
       "      <td>0.015953</td>\n",
       "      <td>0.089494</td>\n",
       "      <td>-0.023901</td>\n",
       "      <td>0.123405</td>\n",
       "      <td>0.034237</td>\n",
       "      <td>-0.006286</td>\n",
       "      <td>0.079076</td>\n",
       "      <td>1.000000</td>\n",
       "    </tr>\n",
       "  </tbody>\n",
       "</table>\n",
       "</div>"
      ],
      "text/plain": [
       "              AAPL      AMZN    BNS.TO    CTC.TO       ENB      NFLX  \\\n",
       "AAPL      1.000000  0.660915  0.358686 -0.011146  0.392838  0.448925   \n",
       "AMZN      0.660915  1.000000  0.328856 -0.000856  0.385161  0.533429   \n",
       "BNS.TO    0.358686  0.328856  1.000000 -0.008423  0.492511  0.213340   \n",
       "CTC.TO   -0.011146 -0.000856 -0.008423  1.000000 -0.025585 -0.000502   \n",
       "ENB       0.392838  0.385161  0.492511 -0.025585  1.000000  0.246634   \n",
       "NFLX      0.448925  0.533429  0.213340 -0.000502  0.246634  1.000000   \n",
       "WMT       0.309751  0.263124  0.171116 -0.077628  0.262756  0.160191   \n",
       "SP500     0.823296  0.756514  0.568220 -0.005323  0.580276  0.524789   \n",
       "RY-PO.TO  0.064056  0.015953  0.089494 -0.023901  0.123405  0.034237   \n",
       "\n",
       "               WMT     SP500  RY-PO.TO  \n",
       "AAPL      0.309751  0.823296  0.064056  \n",
       "AMZN      0.263124  0.756514  0.015953  \n",
       "BNS.TO    0.171116  0.568220  0.089494  \n",
       "CTC.TO   -0.077628 -0.005323 -0.023901  \n",
       "ENB       0.262756  0.580276  0.123405  \n",
       "NFLX      0.160191  0.524789  0.034237  \n",
       "WMT       1.000000  0.391175 -0.006286  \n",
       "SP500     0.391175  1.000000  0.079076  \n",
       "RY-PO.TO -0.006286  0.079076  1.000000  "
      ]
     },
     "execution_count": 40,
     "metadata": {},
     "output_type": "execute_result"
    }
   ],
   "source": [
    "test_correlation('RY-PO.TO')"
   ]
  },
  {
   "cell_type": "code",
   "execution_count": null,
   "id": "a94b6bcb",
   "metadata": {},
   "outputs": [],
   "source": []
  }
 ],
 "metadata": {
  "kernelspec": {
   "display_name": "Python 3 (ipykernel)",
   "language": "python",
   "name": "python3"
  },
  "language_info": {
   "codemirror_mode": {
    "name": "ipython",
    "version": 3
   },
   "file_extension": ".py",
   "mimetype": "text/x-python",
   "name": "python",
   "nbconvert_exporter": "python",
   "pygments_lexer": "ipython3",
   "version": "3.9.12"
  }
 },
 "nbformat": 4,
 "nbformat_minor": 5
}
